resid_index = [1, 2, 8, 15, 17, 22, 23, 27, 28, 33]

s2_predicted = [0.7285494001725228, 0.7665578208488739, 0.6955524763896799, 0.8349043111526315, 0.8400598625328204, 0.6439364085899779, 0.7561917740781379, 0.8983247103100718, 0.8577607149923647, 0.8491808630659081]

s2_computed = [0.80849970126, 0.810912551567, 0.783033000952, 0.850114682817, 0.842083972225, 0.790685363269, 0.851955697785, 0.869741947045, 0.849369708369, 0.833262831842]

s2_diff(computed - predicted) = [0.07995030108747725, 0.04435473071812612, 0.08748052456232014, 0.01521037166436845, 0.0020241096921795876, 0.14674895467902205, 0.09576392370686215, -0.02858276326507181, -0.008391006623364672, -0.015918031223908113]