### Linear Regression 2L3E Model(25A) ###
RMSE_LR = 0.113781284917
EV_LR = 0.223033495036
RC_LR = [0.035578166528634894, -0.022350757789094497, -0.005237964288605864, -0.002108197064046359, -0.0021778386844044356, -0.009365119566917938, 0.00566171086431009, 0.0013771479112462725, 0.015084472404053317, -0.026936032867124114, 0.013150800335992913, -0.0012992398729249279, 0.044504022394177015, 4.022996210875651e-05, -3.2066558478321613e-05, 0.0005345775111748816, 0.0035579891919291897, -6.163511505946108e-05, 6.068036860120904e-05, -0.00015246612627392055, -0.003534546926912307, -0.0038451687312895744, -0.008557136576485382, -0.012776056512660026, -0.013097885847051826, 0.030435034300736415, -0.0020130455394923715, 6.591949208711867e-17, 0.05901183983527727, -0.024812628084225713, 0.03425895463952133, -0.04122615384866841, 0.06314919102142505, -0.04938258713498725, 0.043329320871483265, -0.010961226909054458, -0.04396136873584176, -0.07364298729776883, 0.0313402694150998, -0.016585625649253838, 0.1235526607185729, -0.023644731954021565, -0.02351274106541755, -0.05178119585044438, 0.05729372006897175, -0.02958385027212079, 0.0020062172947574236, -0.08341708109470282, 0.043149788635702534, 0.10850469143691605, -0.06913770925218313, 0.05945657587883489, -0.0141419166845278, -0.052152042237053206, 0.023597290540441577, -0.024580854157923465, -0.00018277181852057248, 0.012499475618704407, -0.022232325463430867, 0.01017600973103409, 0.06888076807691156, -0.08663273378479201, 0.13217158851213898, -0.15164719352599068, 0.031280968858538684, -0.022973630269905836, 0.04809604634131227, -0.06758019044538381, 0.06492708574166256, 0.09768826694688092, -0.07581758514922889, 0.03541805981019646, 0.18206722492151775, -0.330311928508516, 0.1534517722568361, -0.09406692770290105, 0.08628057214913389, -0.10578998514743883]

### Random Forest 2L3E Model(25A) ###
RMSE_LR = 0.114678387156
EV_LR = 0.210733296587
FI_RF = [0.001449007818023574, 0.0002434888713643932, 0.0001304998609212256, 7.307161867308892e-05, 4.039868631827761e-05, 1.641706681093853e-05, 5.86871267364455e-06, 0.07169055098490099, 0.005169950862488346, 0.0007677873704590405, 0.0021464192757717376, 0.0022311428214420634, 0.07405530875802115, 0.043790024614499455, 0.023261636324786287, 0.018439804619724595, 0.029739879110342364, 0.01441778043160283, 0.10480086402772719, 0.0405104439395107, 0.011039063577764964, 0.010056542361840233, 0.012866052393564373, 0.05080861093842554, 0.019119115107136573, 0.3504632005677362, 0.004093992250936578, 0.0, 0.002370582714156423, 0.0019984070747713317, 0.0014646658102779187, 0.0013609890219832908, 0.001266394043213283, 0.0009551180039993651, 0.0012737790541122022, 0.0008788870584166127, 0.0014462298468412727, 0.0011786611504655128, 0.0009997610675994593, 0.0010345548338249835, 0.0013417861296528824, 0.0024477396678490595, 0.0025466460587044775, 0.005501439654086099, 0.0037345193059332817, 0.0034869835051996693, 0.0029918360085041877, 0.0035616875910494377, 0.001841901732234071, 0.002047356905347874, 0.0018570369589782604, 0.0014293488451544625, 0.0014178996525503942, 0.0058141872980975425, 0.007326094580772929, 0.0026368930807952775, 0.0006439044043149582, 0.00103312459189879, 0.0012812829280880878, 0.0008574171749744404, 0.0015581924416972457, 0.0034190432087307446, 0.0020193541737800816, 0.002180408499510468, 0.005474018408558822, 0.002390279818284525, 0.0010832426652193606, 0.0007011378759541929, 0.0016697682626737665, 0.0014089799677835164, 0.0011754337756603524, 0.0007932248612102896, 0.00207851896345793, 0.0018469071293278798, 0.002590798569198766, 0.0016443491880523237, 0.0026782620182583387, 0.003834041445327223]
