### Linear Regression 2L3E Model(15A) ###
RMSE_LR = 0.113781284917
EV_LR = 0.223033495036
RC_LR = [0.035578166528634894, -0.022350757789094497, -0.005237964288605864, -0.002108197064046359, -0.0021778386844044356, -0.009365119566917938, 0.00566171086431009, 0.0013771479112462725, 0.015084472404053317, -0.026936032867124114, 0.013150800335992913, -0.0012992398729249279, 0.044504022394177015, 4.022996210875651e-05, -3.2066558478321613e-05, 0.0005345775111748816, 0.0035579891919291897, -6.163511505946108e-05, 6.068036860120904e-05, -0.00015246612627392055, -0.003534546926912307, -0.0038451687312895744, -0.008557136576485382, -0.012776056512660026, -0.013097885847051826, 0.030435034300736415, -0.0020130455394923715, 6.591949208711867e-17, 0.05901183983527727, -0.024812628084225713, 0.03425895463952133, -0.04122615384866841, 0.06314919102142505, -0.04938258713498725, 0.043329320871483265, -0.010961226909054458, -0.04396136873584176, -0.07364298729776883, 0.0313402694150998, -0.016585625649253838, 0.1235526607185729, -0.023644731954021565, -0.02351274106541755, -0.05178119585044438, 0.05729372006897175, -0.02958385027212079, 0.0020062172947574236, -0.08341708109470282, 0.043149788635702534, 0.10850469143691605, -0.06913770925218313, 0.05945657587883489, -0.0141419166845278, -0.052152042237053206, 0.023597290540441577, -0.024580854157923465, -0.00018277181852057248, 0.012499475618704407, -0.022232325463430867, 0.01017600973103409, 0.06888076807691156, -0.08663273378479201, 0.13217158851213898, -0.15164719352599068, 0.031280968858538684, -0.022973630269905836, 0.04809604634131227, -0.06758019044538381, 0.06492708574166256, 0.09768826694688092, -0.07581758514922889, 0.03541805981019646, 0.18206722492151775, -0.330311928508516, 0.1534517722568361, -0.09406692770290105, 0.08628057214913389, -0.10578998514743883]

### Random Forest 2L3E Model(15A) ###
RMSE_RF = 0.114910732941
EV_RF = 0.207531846524
FI_RF = [0.0014535881338745983, 0.0002711933472757856, 0.00023131716664580288, 8.385775288567848e-05, 0.0001177537623502502, 2.7676065968396606e-05, 1.674720017551113e-05, 0.07228404081862179, 0.00533994165669504, 0.0007823478771243159, 0.0019381944087338036, 0.0021914884040587185, 0.07693795680488466, 0.046454785736881145, 0.02256961367969021, 0.017823770864918553, 0.030068695940901103, 0.01529839655778902, 0.10742607745554693, 0.04045227750077143, 0.010563709195315137, 0.01005337538601522, 0.012485454149402315, 0.05236352478098202, 0.0177683858049032, 0.345443115540659, 0.00427209794546195, 0.0, 0.0022218153807323673, 0.0018547648074564963, 0.0013568414739993436, 0.0012555067074651227, 0.0012477994748087, 0.001155580856914004, 0.001288296582870487, 0.0008171270922951854, 0.001413526136008294, 0.0014055956341385096, 0.0007489457548677975, 0.0010915462123782791, 0.0008768420737553761, 0.0019190739404258107, 0.00226982883096531, 0.004171464179348048, 0.003999675572858887, 0.005690396858905876, 0.0037067105509606332, 0.003911705002351109, 0.001393313736338541, 0.002881703696561096, 0.0014684127343039975, 0.0006831098100405644, 0.002827859126393167, 0.0037432812672589613, 0.008219359687908108, 0.0028081063647069633, 0.0008168978969887717, 0.0009780831021347564, 0.0012772823682108486, 0.0009081078667379554, 0.0011982683754305705, 0.0029011605201704933, 0.0016000668158993388, 0.0026603593637872496, 0.005242752898469338, 0.001850459139318878, 0.0010463991497952957, 0.0008799361424583342, 0.0015053627373651604, 0.0011466659788338966, 0.0011335323527834928, 0.0010367948744069706, 0.0014205287236401958, 0.0012674815965850385, 0.002727174736058484, 0.0016259283038437742, 0.002539984049415567, 0.0030891995221168523]