resid = [25, 29, 30, 31, 32]

s2_predicted = [0.8975139538120505, 0.7309202939858472, 0.869790060696636, 0.8366250477046149, 0.869220033734601]

s2_computed = [0.835262157743, 0.849284670213, 0.859660505959, 0.860814379415, 0.847453251849]

s2_diff(computed - predicted) = [-0.0622517960690504, 0.11836437622715279, -0.010129554737635993, 0.024189331710385176, -0.021766781885600994]