resid_index = [3, 4, 5, 6, 7, 9, 10, 11, 12, 13, 14, 16, 18, 19, 20, 21, 24, 26, 34, 35]

s2_predicted = [0.771797085434553, 0.7234970386229334, 0.7008278726806774, 0.7452140058170507, 0.763302395163298, 0.5296639639211982, 0.32785430362736, 0.627488571462604, 0.30803069633715374, 0.8055974013505862, 0.7353224615130785, 0.6998220370795618, 0.5945215404380972, 0.6626933672408661, 0.37104399922968057, 0.6653523305043763, 0.7048230387012531, 0.7788523807833823, 0.6980426702161537, 0.8050944389490482]

s2_computed = [0.814897676407, 0.806696144196, 0.807980407878, 0.814215193123, 0.812090614628, 0.720134378141, 0.572074815485, 0.493056803336, 0.200326011493, 0.843458938273, 0.856641434625, 0.811134529589, 0.844944905513, 0.761653846319, 0.49244675259, 0.753542918394, 0.846242838066, 0.847078897902, 0.82179146662, 0.824002668095]

s2_diff(computed - predicted) = [0.043100590972446895, 0.08319910557306665, 0.1071525351973226, 0.06900118730594929, 0.04878821946470202, 0.19047041421980182, 0.24422051185764004, -0.13443176812660396, -0.10770468484415374, 0.037861536922413785, 0.12131897311192152, 0.1113124925094382, 0.2504233650749028, 0.09896047907813388, 0.12140275336031942, 0.08819058788962375, 0.1414197993647469, 0.06822651711861771, 0.12374879640384628, 0.018908229145951805]