resid_index = [1, 2, 8, 15, 17, 22, 23, 25, 27, 28, 29, 30, 31, 32, 33]

s2_predicted = [0.5989014883842323, 0.7999541028035679, 0.7220523999167643, 0.8135525168913107, 0.8093126891404463, 0.5941765962175856, 0.7684805884748602, 0.8578821623934649, 0.9288000133690462, 0.8331958798830916, 0.7306643668104291, 0.9050485073820695, 0.834708850279668, 0.8463118760197892, 0.8637587063974799]

s2_computed = [0.826231136339, 0.832038711102, 0.828714542151, 0.861112734155, 0.850526715075, 0.812798696368, 0.84822100404, 0.822728202034, 0.874904394505, 0.867206635447, 0.854837179833, 0.865127594001, 0.862650338333, 0.8523181086, 0.846256226026]

s2_diff(computed - predicted) = [0.22732964795476773, 0.03208460829843207, 0.10666214223423576, 0.04756021726368931, 0.0412140259345537, 0.2186221001504144, 0.07974041556513978, -0.03515396035946494, -0.053895618864046146, 0.034010755563908424, 0.12417281302257088, -0.03992091338106951, 0.027941488053331964, 0.006006232580210824, -0.017502480371479834]