resid_index = [3, 4, 5, 6, 7, 9, 10, 11, 12, 13, 14, 16, 18, 19, 20, 21, 24, 26, 34, 35]

s2_predicted = [0.8164424612716683, 0.6626534051603024, 0.7275010293631619, 0.7369855351811099, 0.7554732795844075, 0.48849616590097256, 0.3105942561011208, 0.6765179015474878, 0.25635917391451635, 0.7470086467859005, 0.6570856380300407, 0.7037813736248433, 0.6533339117598178, 0.6983975976453562, 0.45808196993058914, 0.5635513736829463, 0.6974922199786908, 0.8039642622502816, 0.7663548667304676, 0.7482233074454641]

s2_computed = [0.831138948291, 0.815544812019, 0.799283071469, 0.811626239916, 0.81472899248, 0.698090605191, 0.57109343066, 0.470150178151, 0.362028396382, 0.818951136094, 0.826512552458, 0.82805558862, 0.806618291692, 0.791630762989, 0.57520474948, 0.710715821944, 0.82653742244, 0.83335132482, 0.827892511079, 0.806840390225]

s2_diff(computed - predicted) = [0.014696487019331683, 0.15289140685869762, 0.07178204210583816, 0.07464070473489015, 0.059255712895592505, 0.2095944392900274, 0.26049917455887917, -0.2063677233964878, 0.10566922246748367, 0.07194248930809954, 0.16942691442795932, 0.12427421499515667, 0.15328437993218214, 0.09323316534364379, 0.11712277954941086, 0.14716444826105368, 0.12904520246130913, 0.029387062569718347, 0.06153764434853237, 0.05861708277953592]
