resid_index = [3, 4, 5, 6, 7, 9, 10, 11, 12, 13, 14, 16, 18, 19, 20, 21, 24, 26, 34, 35]

s2_predicted = [0.8142049022757292, 0.7252434204431359, 0.6642270484841075, 0.7558973159830253, 0.7218574924606445, 0.5525581063506813, 0.31259145396146143, 0.5824018701188407, 0.32028535372253925, 0.7707411692664368, 0.7543917144488856, 0.6573314359242965, 0.6646895439266782, 0.6976883856474394, 0.40525629765170096, 0.6765352051348363, 0.7155214781022872, 0.7609378224070558, 0.7572736962981208, 0.7748401383155892]

s2_computed = [0.814897676407, 0.806696144196, 0.807980407878, 0.814215193123, 0.812090614628, 0.720134378141, 0.572074815485, 0.493056803336, 0.200326011493, 0.843458938273, 0.856641434625, 0.811134529589, 0.844944905513, 0.761653846319, 0.49244675259, 0.753542918394, 0.846242838066, 0.847078897902, 0.82179146662, 0.824002668095]

s2_diff(computed - predicted) = [0.0006927741312707791, 0.08145272375286405, 0.14375335939389244, 0.058317877139974605, 0.09023312216735557, 0.16757627179031875, 0.2594833615235386, -0.08934506678284071, -0.11995934222953925, 0.07271776900656324, 0.10224972017611433, 0.15380309366470346, 0.18025536158632183, 0.06396546067156061, 0.08719045493829902, 0.07700771325916367, 0.1307213599637128, 0.08614107549494421, 0.06451777032187922, 0.049162529779410824]