resid_index =[25, 29, 30, 31, 32]

s2_predicted = [0.89285718,  0.7501011 ,  0.87152704,  0.84192718,  0.85198852]

s2_computed = [ 0.83526216,  0.84928467,  0.85966051,  0.86081438,  0.84745325]

s2_diff (computed - predicted) = [-0.05759502000000005, 0.09918357, -0.011866530000000042, 0.018887199999999993, -0.00453526999999998]