resid_index = [1, 2, 3, 4, 5, 6, 7, 8, 9, 10, 11, 12, 13, 14, 15, 16, 17, 18, 19, 20, 21, 22, 23, 24, 25, 26, 27, 28, 29, 30, 31, 32, 33, 34, 35]

s2_predicted = [0.6384418447989992, 0.8334062959431285, 0.8378405896281069, 0.7191664900095447, 0.7365458088737709, 0.7888370941796452, 0.7411246293713825, 0.7001611273366437, 0.5760819907478065, 0.4414679112322862, 0.6439058726785942, 0.33313186611131523, 0.7868219267121075, 0.7640205236415312, 0.8714147236804146, 0.6801799803161701, 0.842158525403568, 0.6595779458962869, 0.7272586109951267, 0.4546374387498549, 0.6147569551434617, 0.5533953239333165, 0.8809345158553865, 0.7625756295645274, 0.8623443616119395, 0.8344813076011455, 0.9287273670112455, 0.8531697828337437, 0.7854116456526989, 0.8782824093406976, 0.8806280921395488, 0.8702216408227617, 0.8938667203413952, 0.7801421362731886, 0.7419864081349459]

s2_computed = [0.797367906216, 0.860580382116, 0.85834926324, 0.853475290909, 0.84357737211, 0.85192871712, 0.856036850328, 0.826133435015, 0.761739309437, 0.665135868177, 0.453229570858, 0.201521645996, 0.809433987834, 0.853889974207, 0.865520170334, 0.850794106766, 0.829504396303, 0.817513651735, 0.802298426107, 0.757504276967, 0.758665738462, 0.773312621189, 0.866488403225, 0.874876185351, 0.862149149714, 0.858208068062, 0.866965686516, 0.610199028269, 0.870025692183, 0.874797518299, 0.864267087396, 0.841471668278, 0.842565632659, 0.818741020547, 0.782915125881]

s2_diff(computed - predicted) = [0.15892606141700072, 0.027174086172871426, 0.020508673611893125, 0.1343088008994553, 0.10703156323622909, 0.06309162294035475, 0.11491222095661757, 0.12597230767835632, 0.18565731868919344, 0.2236679569447138, -0.19067630182059425, -0.13161022011531523, 0.022612061121892513, 0.0898694505654688, -0.005894553346414644, 0.17061412644982987, -0.012654129100567957, 0.15793570583871308, 0.0750398151118733, 0.30286683821714505, 0.1439087833185383, 0.21991729725568354, -0.014446112630386532, 0.11230055578647258, -0.00019521189793947347, 0.023726760460854535, -0.06176168049524544, -0.2429707545647437, 0.08461404653030102, -0.00348489104169758, -0.016361004743548846, -0.028749972544761637, -0.051301087682395274, 0.03859888427381142, 0.04092871774605411]

