LR_10A
RMSE = 0.114248665288
REG.SCORE = 0.216637280975
FI = [0.03394712288375074, -0.008268926973189004, 0.0012456949391145174, -0.002965997183882018, -0.003283275830030052, -0.026317516337829312, 0.005642898502053566, 0.0014508515369915501, 0.007551195064357537, -0.02072789038414472, 0.01759358879882458, -0.00441689347903384, 0.04661297528241407, 4.252330731148793e-05, -3.595756374912473e-05, 0.0006315552648524844, 0.0032867426910528465, -8.943308525488029e-05, 8.580834167680636e-05, -0.00022582213876826476, -0.0025673918582083026, -0.003451908446225247, -0.009191714267525878, -0.013631493897145932, -0.012772594320919348, 0.030620413538847122, -0.0012093523469380663, 3.599551212651875e-17, 0.05535504562139192, -0.05070784120227371, 0.04473542271197063, -0.04502831436044907, 0.06887586366347936, -0.02388794713013276, -0.004212267740139903, 0.01487470386004508, -0.0823525414089303, -0.030232358117331198, 0.007943184867859521, 0.02885178648235772, 0.13933682138569672, -0.13721579614372464, -0.010123738709914567, 0.0125606099506896, 0.023469108067320804, -0.03559480042183534, 0.002050794625780378, -0.011185414353662621, 0.012048577946414615, -0.00408598707200504, -0.001775602344121899, -0.010408396255651764, -0.01999379483111345, 0.008557015404471485, 0.008107547765209722, -0.009672693976961551, 0.02759943108044433, -0.024484674285087972, 0.009378165523574462, 0.010831379391042183, 0.07154029019712307, -0.0933725445597783, 0.03318767353821973, -0.018705633897552965, -0.007373083305691857, 0.0008475630072089253, 0.009139046456401253, -0.02750995090342168, 0.02285381093648866, -0.021596713123618425, 0.023762670606171574, -0.00431454646155877, 0.2518563020986371, -0.24550058388152457, -0.0020783440660472286, -0.004013925028525971, 0.006824434918446801, 0.002508472719960475]

RF_10A
RMSE = 0.119856327727
REG.SCORE = 0.137850534179
FI = [0.0015334132075271816, 0.0004963282456425555, 0.00018805826489768946, 6.472562022638146e-05, 4.1059353787633745e-05, 1.0337161425838457e-05, 2.7277114315463534e-06, 0.0727464524612038, 0.0056747947819719554, 0.0005830198047982125, 0.0019674877491283518, 0.0032667163095055607, 0.08397614318199033, 0.04721155956241592, 0.02350646426953274, 0.017390725693130094, 0.032983754381177816, 0.014011770664631558, 0.10828164832863917, 0.04409534579439899, 0.011162604116887524, 0.01020790718688236, 0.012213802628919006, 0.055181203649209545, 0.01994326033910119, 0.3578775755186509, 0.004176546786801181, 0.0, 0.001953939343014955, 0.002026923298688467, 0.0018409570122190982, 0.001233332898350778, 0.001208277292157102, 0.0010024133076163351, 0.0013753378898755503, 0.0011914525277053592, 0.0023128368089174855, 0.0014333294548291309, 0.0009810132308779576, 0.0013215465500530524, 0.0012609775247660853, 0.0034020779444950923, 0.0024056113915923824, 0.0033360585149971368, 0.0027719896113629367, 0.0036271531478671002, 0.003146113949491159, 0.0008915143973609793, 0.0013845151048689753, 0.0015173916508140462, 0.0009002816568300485, 0.001065558611631929, 0.001367231476611846, 0.001222883836354989, 0.0011742310082268263, 0.0009529263635598703, 0.0006194429992181383, 0.0006970387862836737, 0.0007767241684136035, 0.0006917054117342692, 0.0010122813373899253, 0.0014059741691591415, 0.0007115051880485465, 0.0008112101907222568, 0.0008841153175254624, 0.001062304707234936, 0.0006273661763968587, 0.000603892269178817, 0.0008020047406513666, 0.0008914522337552342, 0.001548414409146976, 0.0009036093697899916, 0.0007750528081858803, 0.0007836561442282185, 0.0008182385753151059, 0.0013959645413163567, 0.0018969674283565213, 0.0031777704488967157]