### Linear Regression 2L3E Model(20A) ###
RMSE_LR = 0.113781284917
EV_LR = 0.223033495036
RC_LR = [0.035578166528634894, -0.022350757789094497, -0.005237964288605864, -0.002108197064046359, -0.0021778386844044356, -0.009365119566917938, 0.00566171086431009, 0.0013771479112462725, 0.015084472404053317, -0.026936032867124114, 0.013150800335992913, -0.0012992398729249279, 0.044504022394177015, 4.022996210875651e-05, -3.2066558478321613e-05, 0.0005345775111748816, 0.0035579891919291897, -6.163511505946108e-05, 6.068036860120904e-05, -0.00015246612627392055, -0.003534546926912307, -0.0038451687312895744, -0.008557136576485382, -0.012776056512660026, -0.013097885847051826, 0.030435034300736415, -0.0020130455394923715, 6.591949208711867e-17, 0.05901183983527727, -0.024812628084225713, 0.03425895463952133, -0.04122615384866841, 0.06314919102142505, -0.04938258713498725, 0.043329320871483265, -0.010961226909054458, -0.04396136873584176, -0.07364298729776883, 0.0313402694150998, -0.016585625649253838, 0.1235526607185729, -0.023644731954021565, -0.02351274106541755, -0.05178119585044438, 0.05729372006897175, -0.02958385027212079, 0.0020062172947574236, -0.08341708109470282, 0.043149788635702534, 0.10850469143691605, -0.06913770925218313, 0.05945657587883489, -0.0141419166845278, -0.052152042237053206, 0.023597290540441577, -0.024580854157923465, -0.00018277181852057248, 0.012499475618704407, -0.022232325463430867, 0.01017600973103409, 0.06888076807691156, -0.08663273378479201, 0.13217158851213898, -0.15164719352599068, 0.031280968858538684, -0.022973630269905836, 0.04809604634131227, -0.06758019044538381, 0.06492708574166256, 0.09768826694688092, -0.07581758514922889, 0.03541805981019646, 0.18206722492151775, -0.330311928508516, 0.1534517722568361, -0.09406692770290105, 0.08628057214913389, -0.10578998514743883]

### Random Forest 2L3E Model(20A) ###
RMSE_RF = 0.11440032339
EV_RF = 0.214556168603
FI_RF = [0.0013384386258636226, 0.00019364758315229053, 0.00014714115904549443, 6.63733849928941e-05, 3.935245795981447e-05, 5.730195104441511e-06, 2.178279542925842e-05, 0.07293775142691361, 0.00572206380567652, 0.0006683793962711593, 0.0019339534723369358, 0.002317871223677754, 0.07601639041413101, 0.04489476456718764, 0.022269607943891722, 0.018290236971643118, 0.03058613445258184, 0.015490178631317322, 0.10410132749710914, 0.04024789683636433, 0.011038159650557919, 0.010674477777232521, 0.012124818787640707, 0.05204850639319106, 0.01823317559737198, 0.3449121757792351, 0.004010021017087839, 0.0, 0.002423225307247242, 0.0021511885811400246, 0.0014101365411165383, 0.0013471953461708442, 0.0012437836922704333, 0.0011139388899762438, 0.0011743809746900566, 0.0008048225216705929, 0.0013049485366434458, 0.0012435356231779277, 0.0009161300692342061, 0.0013960548194382563, 0.0012096724691488642, 0.00219756242062426, 0.002581737933533474, 0.005194143526404099, 0.0037477237622207597, 0.005733703175465914, 0.0036693933948959137, 0.002918290986977788, 0.001386942249830342, 0.00213633173174787, 0.0028617426603698096, 0.0007772140915828007, 0.0023652215881355947, 0.005761004518314912, 0.00811698585008859, 0.003444607053183261, 0.0011632891426004925, 0.0007736808589038297, 0.001873417826921263, 0.0012452805598879282, 0.0012370408810980606, 0.0025587746342449606, 0.0016935751620556858, 0.002112606584487599, 0.004365340387010947, 0.002382272923214352, 0.0011159181500042788, 0.000673374280470144, 0.0011540649840729549, 0.0009364192380047365, 0.0012624644689098702, 0.001078937547525571, 0.001411548756901557, 0.0011727429590002553, 0.002834674690369727, 0.0014551490302790997, 0.002657756122786508, 0.0038796946529832134]