### Linear Regression 2L3E Model (10A) ###
RMSE_LR = 0.114248665288
EV_LR = 0.216637280975
RC_LR = [0.03394712288375074, -0.008268926973189004, 0.0012456949391145174, -0.002965997183882018, -0.003283275830030052, -0.026317516337829312, 0.005642898502053566, 0.0014508515369915501, 0.007551195064357537, -0.02072789038414472, 0.01759358879882458, -0.00441689347903384, 0.04661297528241407, 4.252330731148793e-05, -3.595756374912473e-05, 0.0006315552648524844, 0.0032867426910528465, -8.943308525488029e-05, 8.580834167680636e-05, -0.00022582213876826476, -0.0025673918582083026, -0.003451908446225247, -0.009191714267525878, -0.013631493897145932, -0.012772594320919348, 0.030620413538847122, -0.0012093523469380663, 3.599551212651875e-17, 0.05535504562139192, -0.05070784120227371, 0.04473542271197063, -0.04502831436044907, 0.06887586366347936, -0.02388794713013276, -0.004212267740139903, 0.01487470386004508, -0.0823525414089303, -0.030232358117331198, 0.007943184867859521, 0.02885178648235772, 0.13933682138569672, -0.13721579614372464, -0.010123738709914567, 0.0125606099506896, 0.023469108067320804, -0.03559480042183534, 0.002050794625780378, -0.011185414353662621, 0.012048577946414615, -0.00408598707200504, -0.001775602344121899, -0.010408396255651764, -0.01999379483111345, 0.008557015404471485, 0.008107547765209722, -0.009672693976961551, 0.02759943108044433, -0.024484674285087972, 0.009378165523574462, 0.010831379391042183, 0.07154029019712307, -0.0933725445597783, 0.03318767353821973, -0.018705633897552965, -0.007373083305691857, 0.0008475630072089253, 0.009139046456401253, -0.02750995090342168, 0.02285381093648866, -0.021596713123618425, 0.023762670606171574, -0.00431454646155877, 0.2518563020986371, -0.24550058388152457, -0.0020783440660472286, -0.004013925028525971, 0.006824434918446801, 0.002508472719960475]

### Random Forest 2L3E Model (10A) ###
RMSE_RF = 0.120767924968
EV_RF = 0.124686074783
FI_RF = [0.0015264258992925383, 0.0004578761174481292, 0.00016633661070861308, 9.645463478694056e-05, 7.107458612262569e-05, 1.588823567754174e-05, 1.2742518882879134e-05, 0.0714286640945758, 0.0057832647798043285, 0.0006318288206969962, 0.0019389284681260186, 0.0031802538221916204, 0.08456564610355173, 0.0469075601306839, 0.022842466448041564, 0.018160905454005324, 0.033436635250850354, 0.01552371956255087, 0.1070243541335479, 0.044924601549658626, 0.011139010706304043, 0.010150623124945616, 0.012161390653433092, 0.05572158035420355, 0.018678395251244734, 0.3578374537763534, 0.004529677295064474, 0.0, 0.00201307386261845, 0.00199741326368476, 0.0016959536105680328, 0.001221652996616241, 0.0014753609409639086, 0.0010623367863340036, 0.001634629353579202, 0.0013617515599706306, 0.002177149379891001, 0.0012005054238155399, 0.0009872031360069716, 0.0012769473055254208, 0.0012553215737649615, 0.0034339317531648815, 0.0029604119751025343, 0.0026501600405995224, 0.0041246772478121555, 0.0037720613720913588, 0.0026148950718201734, 0.0010879478963191833, 0.0013854723417032072, 0.0015978803983598788, 0.001052297138719126, 0.0008712520428787907, 0.0013575833054680995, 0.0010578135851358962, 0.0015387813445361456, 0.0010049956222462422, 0.0004687717363678269, 0.0006575363097863046, 0.0007839687901300238, 0.0006340716753435148, 0.0006888098078024426, 0.0010872111184151352, 0.0007853360559418499, 0.0008285103902365182, 0.0009671968722381159, 0.0012921164152064428, 0.0006851160506240167, 0.000691457216371606, 0.0008731890551519808, 0.0009123437786782806, 0.001182963136970403, 0.0007696358781434393, 0.0007934752051481816, 0.0008113127863569711, 0.000752395814923803, 0.0013695209933882735, 0.0012857362232410827, 0.0028961059774843126]