kendalltau_LR = [0.54621848739495782, -0.39999999999999991, 0.63157894736842102, 0.56842105263157894, 0.39047619047619059, 0.60000000000000009, 0.35714285714285721]
kendalltau_RF = [0.43529411764705866, -0.39999999999999991, 0.40000000000000002, 0.42105263157894735, 0.31428571428571439, 0.68888888888888899, 0.4285714285714286]