resid_index = [4, 5, 6, 7, 10, 16, 19, 20]

s2_predicted = [0.736732942327281, 0.7505299621294572, 0.7790217382280202, 0.8114388830652137, 0.3904703970674017, 0.7340627328796012, 0.6880281457599482, 0.4491653898280479]

s2_computed = [0.839436763634, 0.841538999829, 0.837028010192, 0.838615856332, 0.551313568752, 0.828643820433, 0.780694820364, 0.459574067645]

s2_diff(computed - predicted) =  [0.10270382130671896, 0.09100903769954283, 0.05800627196397978, 0.027176973266786253, 0.16084317168459827, 0.09458108755339878, 0.09266667460405176, 0.010408677816952094]