resid_index = [1, 2, 3, 4, 5, 6, 7, 8, 9, 10, 11, 12, 13, 14, 15, 16, 17, 18, 19, 20, 21, 22, 23, 24, 25, 26, 27, 28, 29, 30, 31, 32, 33, 34, 35]

s2_predicted = [0.7246471223956952, 0.7992548288145567, 0.8605418273266181, 0.750824761336786, 0.7394552992196235, 0.8170223882087189, 0.7768041632617251, 0.7355948281023588, 0.6018812599844219, 0.45698647473589626, 0.678528177357032, 0.3447701752047727, 0.8057781087650093, 0.7724691702993025, 0.8777501991663452, 0.7037577035068903, 0.8340872266399584, 0.6408603665406225, 0.7784564120901682, 0.44721250088844466, 0.6223765882916845, 0.5658029921837178, 0.832703675744163, 0.7519755728649578, 0.8310916351018942, 0.8227175199386163, 0.9647949523283603, 0.882985000578153, 0.801336852449192, 0.8919547582865828, 0.902510521124843, 0.9030886212181615, 0.896797247313512, 0.77997539834576, 0.7675842386208804]

s2_measured = [0.797367906216, 0.860580382116, 0.85834926324, 0.853475290909, 0.84357737211, 0.85192871712, 0.856036850328, 0.826133435015, 0.761739309437, 0.665135868177, 0.453229570858, 0.201521645996, 0.809433987834, 0.853889974207, 0.865520170334, 0.850794106766, 0.829504396303, 0.817513651735, 0.802298426107, 0.757504276967, 0.758665738462, 0.773312621189, 0.866488403225, 0.874876185351, 0.862149149714, 0.858208068062, 0.866965686516, 0.610199028269, 0.870025692183, 0.874797518299, 0.864267087396, 0.841471668278, 0.842565632659, 0.818741020547, 0.782915125881]

s2_diff(measured - predicted) = [0.07272078382030478, 0.06132555330144329, -0.002192564086618054, 0.10265052957221399, 0.10412207289037645, 0.03490632891128109, 0.07923268706627495, 0.09053860691264126, 0.1598580494525781, 0.20814939344110372, -0.225298606499032, -0.1432485292087727, 0.003655879068990675, 0.08142080390769746, -0.012230028832345252, 0.14703640325910972, -0.004582830336958388, 0.1766532851943775, 0.023842014016831725, 0.3102917760785553, 0.1362891501703155, 0.20750962900528225, 0.03378472748083694, 0.12290061248604223, 0.03105751461210582, 0.0354905481233837, -0.09782926581236029, -0.272785972309153, 0.06868883973380802, -0.017157239987582784, -0.03824343372884298, -0.06161695294016145, -0.054231614654511984, 0.038765622201240024, 0.015330887260119552]