RMSE = 0.113415429453
EV = 0.228022020814
Feature Importances =[0.0002093439398878491, 2.4410994580943026e-05, 0.0002493109761396936, 9.98683747337071e-05, 9.433780326304338e-05, 1.223582026719191e-05, 1.965289286862919e-05, 0.06502681614630451, 0.0007136928299262371, 0.0008068166805701582, 0.0008718221055898012, 0.002654611767513143, 0.003974386923685158, 0.019155175475777893, 0.01270670383477641, 0.013395902572617663, 0.01827966229263998, 0.010565632295001135, 0.08678128335241483, 0.015633634819376005, 0.008577717734341978, 0.01175076048729433, 0.01063026110370863, 0.013512025821626856, 0.019730072395866202, 0.006609974104707133, 0.004354576367636046, 0.0, 0.0031537497879282387, 0.002950488747145918, 0.0021749006000659635, 0.0013114829275496672, 0.0013062476677834446, 0.0018506673764636203, 0.0020899277722546353, 0.001711718754510277, 0.001700516836035047, 0.001533174432591087, 0.0012773571436644619, 0.0012747120188143655, 0.0014711940755462553, 0.0016140552701635106, 0.0008383159522521267, 0.0009045187818934073, 0.001052619768052593, 0.0008587357758467248, 0.000985534281522909, 0.0011540803507272955, 0.001087817482267576, 0.0010787128423022183, 0.0007391577355518148, 0.0008390542853929126, 0.0008999022808134895, 0.0008167503206031897, 0.0008215596029099877, 0.000668057117692385, 0.0007126838390759003, 0.0008022765374966769, 0.0009627502006868187, 0.0008114792623283602, 0.0006418709596383171, 0.0008487605079874381, 0.0007253676963116723, 0.0006820688531823465, 0.0012538366735765525, 0.0015334310837728366, 0.0008590543329541559, 0.0011553057521225254, 0.0010338934902666297, 0.0011234363958894584, 0.0010712397199123178, 0.0009488252502020352, 0.0007892273036707022, 0.0007412097226802039, 0.0008800142829735976, 0.0010803665859032085, 0.0010249389860317718, 0.0010777099639448808, 0.6146345526979308]
