resid_index: [1, 2, 8, 15, 17, 22, 23, 27, 28, 33]

s2_predicted: [0.7308973260287572, 0.7673456518524733, 0.6901023169762694, 0.8411134982655522, 0.8267852765964008, 0.5587215414901989, 0.7906790360141718, 0.8673225653677259, 0.823041648023976, 0.8664506660894495]

s2_computed: [0.80849970126, 0.810912551567, 0.783033000952, 0.850114682817, 0.842083972225, 0.790685363269, 0.851955697785, 0.869741947045, 0.849369708369, 0.833262831842]