resid_index = [1, 2, 8, 15, 17, 22, 23, 25, 27, 28, 29, 30, 31, 32, 33]

s2_predicted: [0.6607726165870524, 0.8393281087487521, 0.7041274472228813, 0.7896456627526589, 0.7942919176504046, 0.5108615482028174, 0.7764855153974757, 0.85357163938772, 0.907412238982858, 0.846130925395945, 0.6780701735741743, 0.8696475753356931, 0.8328071798860657, 0.8375301721346229, 0.8838060564485406]

s2_computed: [0.826231136339, 0.832038711102, 0.828714542151, 0.861112734155, 0.850526715075, 0.812798696368, 0.84822100404, 0.822728202034, 0.874904394505, 0.867206635447, 0.854837179833, 0.865127594001, 0.862650338333, 0.8523181086, 0.846256226026]