resid_index: [4, 5, 6, 7, 10, 16, 19, 20]

s2_predicted: [0.7385888641802032, 0.7374650946855497, 0.7615120695135051, 0.7608785642967899, 0.35125137029624015, 0.7434542296251079, 0.7073653068667858, 0.360162630269054]

s2_computed: [0.839436763634, 0.841538999829, 0.837028010192, 0.838615856332, 0.551313568752, 0.828643820433, 0.780694820364, 0.459574067645]