resid_index: [3, 4, 5, 6, 7, 9, 10, 11, 12, 13, 14, 16, 18, 19, 20, 21, 24, 26, 34, 35]

s2_predicted: [0.8066289387212897, 0.6752119485258457, 0.7249117714714697, 0.7237392353569219, 0.7682433945617306, 0.5375660184790483, 0.34827656913424115, 0.6254519911275558, 0.24393267566957438, 0.7904397072982186, 0.661591876749221, 0.7079403705909868, 0.6979317771203626, 0.6783460374948758, 0.41132016126683074, 0.6152840972192706, 0.7013152616684548, 0.8048554844859341, 0.7607425176740994, 0.7129520560910103]

s2_computed: [0.831138948291, 0.815544812019, 0.799283071469, 0.811626239916, 0.81472899248, 0.698090605191, 0.57109343066, 0.470150178151, 0.362028396382, 0.818951136094, 0.826512552458, 0.82805558862, 0.806618291692, 0.791630762989, 0.57520474948, 0.710715821944, 0.82653742244, 0.83335132482, 0.827892511079, 0.806840390225]