resid_index: [1, 2, 3, 4, 5, 6, 7, 8, 9, 10, 11, 12, 13, 14, 15, 16, 17, 18, 19, 20, 21, 22, 23, 24, 25, 26, 27, 28, 29, 30, 31, 32, 33, 34, 35]

s2_predicted: [0.6384418447989992, 0.8334062959431285, 0.8378405896281069, 0.7191664900095447, 0.7365458088737709, 0.7888370941796452, 0.7411246293713825, 0.7001611273366437, 0.5760819907478065, 0.4414679112322862, 0.6439058726785942, 0.33313186611131523, 0.7868219267121075, 0.7640205236415312, 0.8714147236804146, 0.6801799803161701, 0.842158525403568, 0.6595779458962869, 0.7272586109951267, 0.4546374387498549, 0.6147569551434617, 0.5533953239333165, 0.8809345158553865, 0.7625756295645274, 0.8623443616119395, 0.8344813076011455, 0.9287273670112455, 0.8531697828337437, 0.7854116456526989, 0.8782824093406976, 0.8806280921395488, 0.8702216408227617, 0.8938667203413952, 0.7801421362731886, 0.7419864081349459]

s2_computed: [0.797367906216, 0.860580382116, 0.85834926324, 0.853475290909, 0.84357737211, 0.85192871712, 0.856036850328, 0.826133435015, 0.761739309437, 0.665135868177, 0.453229570858, 0.201521645996, 0.809433987834, 0.853889974207, 0.865520170334, 0.850794106766, 0.829504396303, 0.817513651735, 0.802298426107, 0.757504276967, 0.758665738462, 0.773312621189, 0.866488403225, 0.874876185351, 0.862149149714, 0.858208068062, 0.866965686516, 0.610199028269, 0.870025692183, 0.874797518299, 0.864267087396, 0.841471668278, 0.842565632659, 0.818741020547, 0.782915125881]