kendalltau_LR = [0.48907563025210066, -0.39999999999999991, 0.61052631578947369, 0.57894736842105265, 0.48571428571428582, 0.55555555555555569, 0.6428571428571429]
kendalltau_RF = [0.45882352941176452, -0.39999999999999991, 0.41052631578947368, 0.45263157894736844,  0.31428571428571439, 0.7333333333333335, 0.4285714285714286]